MAE: 45.52808988764045
RMSE: 56.049258031152355
R2: 0.40705372836437304
