Baseline metrics:
MAE: 45.52808988764045
RMSE: 56.049258031152355
R2: 0.40705372836437304

Tuned metrics:
MAE: 44.09943820224719
RMSE: 55.50077309918071
R2: 0.4186018142139498

Best params:
{'n_estimators': 20, 'min_samples_split': 2, 'max_features': 'sqrt', 'max_depth': None}
