MAE: 44.09943820224719
RMSE: 55.50077309918071
R2: 0.4186018142139498
